0,1,2
"[217, 112, 169, 192, 168, 217]","[217, 115, 116, 113, 114, 186, 208, 178, 179, 188, 194, 198, 201, 209, 211, 171, 217]","[217, 45, 66, 109, 110, 39, 77, 65, 46, 55, 60, 51, 52, 62, 54, 41, 48, 72, 80, 7, 24, 53, 63, 70, 93, 31, 85, 111, 108, 107, 105, 99, 98, 86, 43, 42, 22, 103, 91, 84, 83, 82, 79, 78, 58, 57, 56, 50, 27, 10, 6, 3, 2, 0, 1, 11, 13, 15, 29, 37, 74, 94, 96, 97, 102, 19, 49, 61, 87, 95, 40, 4, 9, 25, 26, 38, 92, 32, 5, 8, 20, 21, 30, 33, 44, 47, 73, 75, 81, 90, 104, 106, 12, 16, 17, 35, 36, 64, 69, 71, 76, 88, 89, 101, 14, 18, 23, 28, 34, 59, 67, 68, 100, 143, 129, 121, 146, 155, 159, 149, 153, 158, 163, 133, 117, 148, 164, 160, 150, 139, 138, 137, 134, 132, 122, 130, 131, 141, 161, 157, 156, 135, 128, 125, 124, 147, 136, 118, 119, 120, 123, 127, 140, 144, 145, 152, 142, 154, 126, 162, 151, 212, 204, 166, 165, 167, 174, 176, 177, 195, 197, 203, 206, 213, 173, 170, 172, 175, 180, 181, 182, 183, 184, 185, 187, 189, 190, 191, 193, 196, 199, 200, 202, 205, 207, 210, 214, 215, 216, 217]"
"[157, 156, 155, 154, 153, 39, 43, 41, 42, 40, 38, 37, 36, 35, 34, 33, 136, 157]","[157, 5, 31, 12, 23, 25, 17, 16, 29, 10, 4, 6, 7, 19, 14, 30, 3, 8, 11, 13, 18, 20, 21, 22, 26, 9, 24, 32, 15, 27, 28, 149, 119, 124, 137, 47, 51, 65, 72, 82, 94, 116, 120, 129, 112, 87, 59, 145, 150, 141, 144, 140, 135, 132, 121, 118, 117, 115, 111, 110, 106, 92, 91, 85, 84, 81, 78, 71, 69, 68, 67, 64, 63, 61, 58, 57, 52, 49, 46, 45, 104, 50, 133, 130, 107, 103, 73, 66, 53, 44, 143, 97, 95, 88, 86, 83, 76, 74, 62, 60, 134, 105, 109, 80, 79, 146, 93, 122, 127, 151, 152, 148, 139, 131, 126, 125, 123, 114, 113, 102, 101, 100, 99, 98, 96, 89, 75, 70, 54, 48, 147, 142, 138, 90, 55, 108, 128, 77, 56, 157]","[157, 2, 1, 0, 157]"
"[194, 27, 55, 16, 41, 44, 57, 21, 71, 4, 68, 70, 2, 67, 80, 98, 103, 146, 81, 125, 124, 107, 78, 82, 90, 105, 106, 183, 186, 175, 179, 173, 192, 184, 188, 151, 153, 155, 161, 170, 171, 174, 162, 149, 168, 180, 187, 191, 193, 182, 177, 169, 166, 160, 185, 150, 190, 176, 156, 154, 172, 194]","[194, 83, 84, 85, 88, 96, 99, 100, 102, 108, 109, 114, 119, 121, 127, 128, 130, 131, 132, 133, 140, 141, 144, 86, 126, 137, 75, 87, 89, 122, 136, 142, 110, 115, 118, 145, 112, 101, 77, 92, 129, 138, 134, 123, 120, 117, 111, 104, 97, 94, 76, 113, 93, 139, 116, 95, 79, 165, 157, 148, 159, 152, 178, 189, 147, 163, 167, 181, 158, 194]","[194, 12, 52, 22, 66, 23, 29, 50, 53, 40, 26, 39, 0, 37, 18, 10, 48, 73, 51, 46, 20, 11, 8, 5, 69, 62, 14, 6, 7, 35, 61, 33, 56, 36, 59, 1, 3, 9, 13, 15, 17, 19, 24, 25, 28, 30, 31, 34, 38, 42, 43, 45, 47, 49, 54, 58, 60, 63, 64, 65, 72, 32, 91, 74, 135, 143, 164, 194]"
"[39, 1, 13, 4, 3, 7, 2, 11, 29, 23, 0, 33, 8, 10, 19, 25, 37, 17, 30, 34, 39]","[39, 26, 12, 14, 16, 22, 39]","[39, 28, 27, 15, 21, 36, 38, 35, 32, 31, 24, 5, 6, 20, 18, 9, 39]"
"[218, 13, 14, 159, 163, 148, 153, 152, 147, 144, 139, 158, 145, 156, 162, 160, 150, 164, 157, 155, 154, 146, 142, 140, 141, 143, 149, 151, 161, 169, 211, 213, 200, 176, 181, 187, 194, 205, 216, 184, 178, 199, 203, 193, 174, 167, 179, 186, 189, 206, 195, 185, 183, 218]","[218, 0, 1, 2, 9, 11, 10, 8, 6, 5, 7, 12, 202, 175, 191, 172, 210, 218]","[218, 4, 3, 60, 27, 32, 40, 65, 66, 62, 20, 78, 18, 58, 41, 24, 73, 47, 45, 35, 29, 61, 31, 16, 59, 19, 30, 33, 44, 53, 63, 68, 64, 17, 36, 37, 38, 39, 50, 25, 23, 77, 26, 80, 76, 75, 74, 71, 70, 67, 56, 55, 51, 48, 46, 43, 42, 34, 28, 22, 15, 57, 49, 54, 69, 72, 21, 52, 79, 92, 82, 86, 89, 91, 94, 96, 100, 107, 114, 125, 129, 130, 83, 113, 101, 99, 98, 95, 85, 97, 109, 116, 120, 123, 131, 87, 88, 105, 111, 117, 119, 128, 134, 81, 93, 102, 106, 112, 118, 124, 126, 127, 132, 133, 135, 136, 90, 104, 108, 137, 138, 122, 121, 110, 115, 84, 103, 182, 170, 168, 212, 204, 197, 214, 196, 207, 192, 180, 177, 166, 198, 217, 190, 165, 188, 171, 215, 173, 209, 208, 201, 218]"
"[127, 2, 8, 12, 1, 4, 5, 10, 3, 9, 11, 0, 13, 7, 6, 99, 97, 105, 90, 110, 95, 83, 108, 78, 113, 75, 77, 84, 87, 93, 101, 123, 117, 89, 88, 119, 126, 106, 104, 103, 127]","[127, 23, 39, 40, 59, 74, 51, 37, 69, 70, 55, 36, 20, 21, 22, 26, 34, 38, 58, 27, 15, 65, 43, 56, 57, 61, 62, 64, 66, 67, 68, 71, 72, 73, 52, 47, 25, 19, 30, 107, 86, 122, 127]","[127, 28, 31, 33, 41, 46, 49, 50, 53, 63, 60, 54, 48, 44, 35, 32, 29, 24, 18, 17, 16, 14, 42, 45, 96, 100, 111, 79, 91, 94, 98, 112, 118, 109, 124, 125, 121, 120, 116, 115, 114, 102, 92, 85, 82, 81, 80, 76, 127]"
"[88, 14, 7, 1, 5, 4, 2, 9, 11, 0, 12, 8, 6, 3, 13, 10, 75, 87, 60, 83, 68, 49, 30, 27, 25, 22, 70, 21, 36, 31, 20, 19, 71, 54, 88]","[88, 39, 76, 58, 17, 41, 44, 48, 59, 67, 24, 61, 63, 65, 43, 57, 56, 74, 82, 77, 55, 50, 42, 40, 37, 35, 26, 23, 81, 79, 69, 53, 33, 29, 15, 85, 16, 18, 28, 32, 45, 46, 47, 51, 64, 78, 80, 84, 88]","[88, 34, 38, 52, 66, 73, 72, 62, 86, 88]"
"[158, 2, 5, 12, 46, 47, 53, 62, 64, 75, 79, 81, 14, 16, 22, 28, 35, 38, 40, 50, 55, 59, 61, 65, 66, 69, 70, 78, 24, 29, 34, 49, 8, 45, 18, 42, 68, 1, 4, 17, 20, 30, 32, 36, 37, 39, 43, 51, 58, 72, 73, 77, 23, 80, 33, 31, 13, 76, 116, 114, 110, 141, 142, 137, 146, 147, 152, 104, 108, 109, 112, 121, 127, 130, 148, 149, 123, 155, 111, 126, 132, 139, 144, 151, 153, 156, 157, 140, 135, 134, 129, 154, 138, 136, 150, 143, 133, 124, 122, 120, 119, 113, 106, 105, 145, 107, 115, 117, 118, 125, 128, 158]","[158, 101, 99, 98, 95, 84, 83, 85, 89, 93, 96, 100, 94, 88, 19, 60, 57, 54, 25, 15, 10, 9, 7, 6, 0, 131, 158]","[158, 86, 87, 92, 91, 102, 103, 90, 82, 97, 48, 3, 52, 44, 41, 26, 21, 11, 74, 71, 67, 63, 56, 27, 158]"
"[90, 66, 31, 57, 69, 44, 40, 7, 3, 86, 65, 54, 22, 18, 12, 64, 78, 68, 67, 20, 0, 50, 47, 42, 85, 74, 56, 82, 90]","[90, 34, 36, 37, 71, 63, 58, 48, 45, 80, 8, 15, 16, 17, 23, 24, 25, 38, 43, 46, 53, 70, 77, 35, 39, 60, 59, 55, 52, 51, 49, 41, 61, 87, 89, 84, 83, 79, 76, 72, 62, 19, 14, 90]","[90, 1, 2, 5, 6, 9, 10, 11, 13, 21, 26, 29, 33, 88, 28, 30, 32, 4, 27, 73, 75, 81, 90]"
"[141, 98, 70, 113, 110, 101, 73, 139, 133, 126, 125, 121, 118, 109, 102, 96, 92, 76, 75, 97, 74, 136, 95, 89, 86, 84, 88, 83, 81, 77, 100, 79, 69, 112, 105, 135, 129, 108, 106, 93, 107, 94, 72, 134, 131, 99, 78, 115, 103, 80, 130, 124, 122, 117, 116, 114, 111, 119, 85, 141]","[141, 3, 4, 5, 8, 10, 14, 15, 18, 21, 22, 31, 33, 43, 44, 45, 47, 52, 55, 58, 59, 60, 62, 68, 0, 7, 34, 36, 46, 48, 49, 51, 16, 61, 66, 120, 132, 123, 87, 82, 71, 138, 137, 128, 104, 91, 90, 141]","[141, 57, 67, 11, 19, 37, 56, 50, 40, 35, 28, 12, 65, 63, 64, 54, 53, 42, 38, 32, 30, 29, 27, 26, 24, 23, 20, 17, 13, 9, 6, 2, 1, 41, 39, 25, 127, 140, 141]"
"[164, 27, 21, 23, 26, 25, 24, 20, 22, 118, 35, 53, 54, 61, 63, 79, 33, 40, 52, 56, 58, 73, 80, 113, 120, 122, 81, 41, 108, 103, 102, 99, 65, 62, 59, 57, 28, 124, 105, 104, 101, 100, 98, 97, 92, 86, 84, 82, 60, 45, 43, 42, 116, 111, 110, 95, 90, 55, 37, 31, 36, 78, 114, 123, 32, 34, 38, 39, 47, 48, 50, 70, 71, 74, 75, 76, 87, 96, 115, 29, 30, 44, 46, 64, 67, 69, 85, 112, 119, 121, 91, 89, 88, 72, 51, 83, 117, 106, 49, 66, 77, 68, 93, 94, 109, 107, 152, 134, 157, 164]","[164, 0, 5, 6, 3, 9, 11, 7, 10, 4, 2, 1, 130, 163, 160, 161, 125, 129, 132, 146, 147, 150, 162, 158, 138, 133, 131, 127, 159, 153, 140, 149, 164]","[164, 15, 19, 18, 17, 14, 13, 12, 16, 8, 141, 154, 155, 156, 151, 148, 145, 144, 143, 142, 139, 137, 136, 135, 128, 126, 164]"
"[341, 89, 84, 83, 85, 87, 90, 91, 88, 92, 86, 241, 245, 248, 251, 254, 244, 247, 239, 240, 252, 257, 246, 250, 253, 238, 255, 256, 242, 258, 249, 243, 259, 275, 274, 280, 291, 262, 265, 281, 287, 260, 261, 263, 266, 267, 268, 273, 276, 277, 279, 283, 284, 285, 288, 289, 290, 264, 269, 270, 271, 272, 278, 282, 286, 292, 217, 93, 97, 100, 102, 107, 117, 119, 121, 122, 127, 129, 139, 148, 151, 153, 154, 156, 157, 158, 159, 161, 164, 180, 181, 187, 205, 207, 208, 209, 212, 214, 219, 222, 227, 232, 233, 235, 236, 128, 216, 101, 132, 144, 177, 234, 171, 162, 141, 136, 134, 116, 112, 215, 213, 203, 198, 186, 179, 174, 172, 202, 192, 188, 168, 167, 165, 152, 146, 138, 126, 194, 224, 200, 193, 189, 237, 228, 225, 223, 221, 201, 195, 191, 185, 183, 142, 140, 133, 211, 169, 120, 123, 163, 230, 170, 135, 98, 176, 113, 103, 229, 166, 143, 131, 231, 196, 190, 182, 150, 147, 145, 124, 109, 106, 105, 204, 104, 96, 218, 115, 95, 178, 206, 130, 149, 155, 118, 199, 210, 184, 175, 173, 137, 110, 108, 99, 94, 226, 220, 197, 160, 125, 114, 111, 71, 1, 73, 0, 6, 7, 22, 23, 25, 41, 43, 50, 51, 53, 56, 59, 60, 61, 65, 67, 68, 8, 14, 55, 4, 10, 70, 64, 58, 48, 46, 29, 24, 44, 35, 11, 75, 69, 5, 12, 13, 15, 17, 21, 26, 28, 30, 33, 34, 36, 39, 49, 52, 54, 18, 19, 20, 37, 66, 2, 27, 31, 32, 63, 74, 16, 76, 72, 62, 47, 42, 38, 57, 40, 9, 3, 341]","[341, 293, 45, 341]","[341, 77, 80, 81, 82, 78, 79, 303, 295, 296, 297, 298, 299, 300, 301, 302, 304, 294, 307, 326, 327, 331, 332, 333, 336, 338, 339, 340, 325, 321, 316, 312, 311, 310, 305, 309, 318, 334, 306, 313, 317, 320, 322, 329, 308, 319, 324, 314, 315, 335, 323, 337, 330, 328, 341]"
"[99, 96, 99]","[99, 77, 86, 87, 70, 72, 78, 90, 89, 95, 99]","[99, 24, 5, 6, 8, 66, 1, 65, 64, 62, 57, 56, 54, 53, 51, 50, 46, 45, 44, 43, 42, 41, 39, 37, 36, 35, 34, 32, 31, 28, 27, 26, 25, 23, 21, 20, 19, 61, 60, 59, 58, 55, 48, 40, 38, 33, 29, 22, 14, 11, 9, 17, 16, 15, 13, 12, 10, 4, 3, 63, 52, 49, 47, 30, 18, 2, 0, 7, 67, 82, 94, 88, 85, 73, 71, 69, 68, 84, 93, 92, 91, 83, 81, 80, 79, 76, 75, 74, 98, 97, 99]"
